26840623
77119881
67977998
48445592
32915068
76861382
62572632
66985656
34933211
83204503
79348944
38878449
31808980
20650436
10801902
23221246
38582715
42728175
97504435
78570116
65870177
26555470
79919254
17812113
98770075
19650580
79250270
42392512
70772495
63307008
80115496
64218403
18583172
70194309
14070055
59576631
52168269
45129209
34722261
65036097
43675494
98556801
88848693
37880394
82612713
96075081
69147755
82335691
33463858
90657863
63769262
79086455
61138122
39209942
48887929
80303768
75725562
22330223
29339439
21635380
41899191
63937276
83962461
67477853
92955785
70286278
59421420
23328632
88437297
30115367
35830197
17555260
79796953
77118090
53677713
95892257
44409289
82733913
25212884
69029910
64685962
96829201
21979971
74170415
77562283
44174938
10057238
95676611
32427143
59395710
74457705
67800879
65996900
35581572
88059526
93172768
46632564
38875640
82514261
58079554